Predictive measures: 
MSE: 22.6502738994616
MAE: 3.3506215970683
MAPE: 2.102574169249
SMAPE: 0.637053662370152
Pearson: 0.81654611991753
Spearman: 0.75792412992413
Kendall: 0.569913913913914
R2: 0.633223583361396
