Predictive measures: 
MSE: 22.7142069131688
MAE: 3.35592620403207
MAPE: 19.0256586543297
SMAPE: 0.635136792075604
Pearson: 0.816307741770812
Spearman: 0.757798285798286
Kendall: 0.56974974974975
R2: 0.632749757523636
