Predictive measures: 
MSE: 19441.0480795212
MAE: 111.156214509052
MAPE: 8.1850114027112
SMAPE: 1.43849459948361
Pearson: 0.0286364975757462
Spearman: 0.0277535797535798
Kendall: 0.0181821821821822
R2: -0.942326349123694
