Predictive measures: 
MSE: 221.304939682283
MAE: 11.8114981600604
MAPE: 3.37053532515032
SMAPE: 1.24751072231512
Pearson: 0.347539724131742
Spearman: 0.259259359259359
Kendall: 0.174638638638639
R2: -0.30420992714186
