Predictive measures: 
MSE: 25.0792857102531
MAE: 3.59187421427424
MAPE: 1.95064764077101
SMAPE: 0.698076295233829
Pearson: 0.802971189885693
Spearman: 0.731173007173007
Kendall: 0.54223023023023
R2: 0.606113972336942
