Predictive measures: 
MSE: 73.5533438165229
MAE: 6.73718281396162
MAPE: 2.91346063378801
SMAPE: 1.05980762714377
Pearson: 0.595986881384681
Spearman: 0.455565575565576
Kendall: 0.315039039039039
R2: 0.192448269424052
