Predictive measures: 
MSE: 14.2428909016009
MAE: 2.98556164755037
MAPE: 0.731796158008544
SMAPE: 0.591004694841086
Pearson: 0.775440799500915
Spearman: 0.707290729072907
Kendall: 0.522020202020202
R2: 0.550409064734722
