Predictive measures: 
MSE: 14.2182456280496
MAE: 2.98330064061007
MAPE: 0.743378592358054
SMAPE: 0.594442794412688
Pearson: 0.775852737350736
Spearman: 0.706858685868587
Kendall: 0.52
R2: 0.551369407814731
