Predictive measures: 
MSE: 17190.4116356967
MAE: 103.402114101751
MAPE: 37.517758995909
SMAPE: 1.40547176751289
Pearson: -0.0196268736053606
Spearman: 0.00970897089708971
Kendall: 0.00646464646464646
R2: -1.06196128435285
