Predictive measures: 
MSE: 181.839440227613
MAE: 10.7881579275442
MAPE: 10.3719195142832
SMAPE: 1.27676432883794
Pearson: 0.210816106084698
Spearman: 0.194767476747675
Kendall: 0.129292929292929
R2: -0.578498458788356
