Predictive measures: 
MSE: 15.5063169888451
MAE: 3.23855683731552
MAPE: 1.49695640621386
SMAPE: 0.746603201838143
Pearson: 0.761436685471375
Spearman: 0.682976297629763
Kendall: 0.495757575757576
R2: 0.523774562791002
