Predictive measures: 
MSE: 54.9871642126267
MAE: 5.84447746648553
MAPE: 3.99208468170878
SMAPE: 1.08436070523309
Pearson: 0.475851428392443
Spearman: 0.420678067806781
Kendall: 0.288080808080808
R2: -0.0436325862046432
