Predictive measures: 
MSE: 32.7687560317746
MAE: 4.2485266138712
MAPE: 0.658211006234505
SMAPE: 0.418403430490758
Pearson: 0.915317139666544
Spearman: 0.870976146976147
Kendall: 0.693177177177177
R2: 0.830674586433692
