Predictive measures: 
MSE: 32.8650537968637
MAE: 4.25313073860106
MAPE: 1.01761822808963
SMAPE: 0.418679818331116
Pearson: 0.915144749907287
Spearman: 0.870875730875731
Kendall: 0.693313313313313
R2: 0.830330547098536
