Predictive measures: 
MSE: 19487.1238004389
MAE: 111.16177873491
MAPE: 5.36341218175623
SMAPE: 1.41528972122437
Pearson: 0.0473832850174907
Spearman: 0.0440883080883081
Kendall: 0.0292012012012012
R2: -0.90478269791894
