Predictive measures: 
MSE: 235.015909217989
MAE: 12.1057170397705
MAPE: 2.88980088079347
SMAPE: 0.985119102939334
Pearson: 0.621269462028944
Spearman: 0.484089484089484
Kendall: 0.337441441441441
R2: 0.242903770687771
