Predictive measures: 
MSE: 35.5537801077673
MAE: 4.44524158454961
MAPE: 1.83310317849884
SMAPE: 0.445144029786522
Pearson: 0.909428648652335
Spearman: 0.859579255579256
Kendall: 0.678234234234234
R2: 0.818907970026048
