Predictive measures: 
MSE: 85.4662716087892
MAE: 7.19742545163594
MAPE: 3.05395451144061
SMAPE: 0.718158063039032
Pearson: 0.811942860503847
Spearman: 0.693580665580666
Kendall: 0.507471471471471
R2: 0.624041151704838
