Predictive measures: 
MSE: 14.2383351490705
MAE: 2.98543792053468
MAPE: 0.729253765958825
SMAPE: 0.591979500834808
Pearson: 0.77558498580847
Spearman: 0.706534653465346
Kendall: 0.52
R2: 0.550671601959755
