Predictive measures: 
MSE: 14.1673520314088
MAE: 2.97860752445055
MAPE: 0.73347656351394
SMAPE: 0.603569616675689
Pearson: 0.777544653060687
Spearman: 0.707386738673867
Kendall: 0.523232323232323
R2: 0.554496971388132
