Predictive measures: 
MSE: 11216.4788555325
MAE: 86.1597513974515
MAPE: 3.55964766255581
SMAPE: 0.754618236856228
Pearson: 0.843583720442059
Spearman: 0.846408640864086
Kendall: 0.644040404040404
R2: 0.685699967157168
