Predictive measures: 
MSE: 118.053295861942
MAE: 8.65450370070607
MAPE: 2.07715287224779
SMAPE: 0.728400353373835
Pearson: 0.85184815447277
Spearman: 0.84981698169817
Kendall: 0.644444444444444
R2: 0.701877115848489
