Predictive measures: 
MSE: 14.4637738887855
MAE: 3.04332155480208
MAPE: 1.56821514929034
SMAPE: 0.751242341855576
Pearson: 0.800367243854395
Spearman: 0.757995799579958
Kendall: 0.569292929292929
R2: 0.599315191447343
