Predictive measures: 
MSE: 37.9165124089787
MAE: 4.87646955908429
MAPE: 1.91313088421831
SMAPE: 0.677280704921881
Pearson: 0.8492295230806
Spearman: 0.854881488148815
Kendall: 0.648080808080808
R2: 0.696450723524936
