Predictive measures: 
MSE: 6.1114118509612
MAE: 2.08603966678301
MAPE: 1.85066724538512
SMAPE: 0.936971386640244
Pearson: 0.779593602377745
Spearman: 0.773069306930693
Kendall: 0.571313131313131
R2: 0.559162494573688
