Predictive measures: 
MSE: 6.0441830621773
MAE: 2.05855265350551
MAPE: 2.08584601077281
SMAPE: 0.904737402699209
Pearson: 0.782100351059983
Spearman: 0.775733573357336
Kendall: 0.574141414141414
R2: 0.564116149007414
