Predictive measures: 
MSE: 25242.7622188262
MAE: 127.840985678011
MAPE: 6.9704198722083
SMAPE: 1.59685898073303
Pearson: -0.0692947799888712
Spearman: -0.099045904590459
Kendall: -0.0678787878787879
R2: -1.1301072824316
