Predictive measures: 
MSE: 249.256362744604
MAE: 12.6187419916626
MAPE: 5.08656834067879
SMAPE: 1.4082617283616
Pearson: 0.0494810425522249
Spearman: 0.055961596159616
Kendall: 0.0327272727272727
R2: -0.897091443657299
