Predictive measures: 
MSE: 7.62961901621811
MAE: 2.1902469502919
MAPE: 2.0053637287513
SMAPE: 0.867957062556245
Pearson: 0.745217140588102
Spearman: 0.733669366936694
Kendall: 0.544646464646465
R2: 0.4898321739444
