Predictive measures: 
MSE: 64.3408577130141
MAE: 6.38406444525996
MAPE: 6.4951671828303
SMAPE: 1.32031331802066
Pearson: 0.251826911537802
Spearman: 0.261218121812181
Kendall: 0.175757575757576
R2: -0.495899875041396
