Predictive measures: 
MSE: 22.4865069710624
MAE: 3.8501902393165
MAPE: 1.21505925383002
SMAPE: 0.44395144443803
Pearson: 0.892690555587634
Spearman: 0.850753075307531
Kendall: 0.665858585858586
R2: 0.785474032915918
