Predictive measures: 
MSE: 22.5559002938965
MAE: 3.86467934791486
MAPE: 1.19681625011403
SMAPE: 0.443699142281833
Pearson: 0.892300139037744
Spearman: 0.852073207320732
Kendall: 0.667070707070707
R2: 0.784725372075474
