Predictive measures: 
MSE: 17303.1321323502
MAE: 103.624242361002
MAPE: 4.58325204734752
SMAPE: 1.40248977980693
Pearson: -0.0257006384110874
Spearman: 0.00135613561356136
Kendall: -0.000404040404040404
R2: -1.07250736948181
