Predictive measures: 
MSE: 200.521340495843
MAE: 11.2613930364547
MAPE: 14.2037684888117
SMAPE: 1.06268401294354
Pearson: 0.447571114882327
Spearman: 0.393015301530153
Kendall: 0.26949494949495
R2: -0.100401305469446
