Predictive measures: 
MSE: 24.7843576185449
MAE: 4.09883159953797
MAPE: 1.46015083065404
SMAPE: 0.48467890555486
Pearson: 0.88185675014079
Spearman: 0.838835883588359
Kendall: 0.651313131313131
R2: 0.764171941463683
