Predictive measures: 
MSE: 68.4446980150064
MAE: 6.60877533916163
MAPE: 2.07806454419048
SMAPE: 0.713987498139554
Pearson: 0.71980700568635
Spearman: 0.6401200120012
Kendall: 0.467474747474747
R2: 0.442520075078086
